0710006011021
0710067011171
0710066011171
0810061001021
0710067001011
0710066011011
0810061001171
0710067011011
0710350001171
0710231011021
0710230001021
0710232011021
0710132011171
0710356011021
0000832001011
0710360001171
0710065001011
0710326001011
0710328001011
0818250001011
0710329011021
0810568011011
0710101001021
0710235001011
0710235011171
0710236011171
0710232001171
0710221011021
0710238001021
0710206001171
0818250011171
0710352011171
0710085011171
0710086011021
0710086001171
0710233001011
0710234001171
0710238011021
0710232011011
0710232001011
0710080001021
0710177011021
0710059001011
0710110001011
0710070011021
0710070001021
0710188011021
0710177001171
0710110011011
0710081001021
0710057011011
0710587001171
0710588011011
0710592011011
0710776001021
0710582001011
0710082011011
0710110001021
0710008011011
0000705001011
0910119001171
0710611001171
0710070001171
0710108001171
0710177001021
0710083011011
0710535011011
0710535011171
0710537001171
0710070011171
0159872001021
0710537011021
0710621011011
0710623001171
0710622011021
0710619011021
0159872011011
0159872011171
0710628001021
0710628001011
0710629001171
0710629001011
0710700001011
0710700001021
0710138011171
0710138001011
0711273001021
0711271011011
0710397011171
0003880001171
0710269001011
0710501011021
0710501001021
0710092001021
0710092011011
0710382011171
0710382001021
0710381011021
0710382011021
0710350001011
0710339001011
0710226011011
0710335011011
0710231001021
0710231011171
0710230001171
0710321001011
0710353001021
0710770011011
0710322011021
0710321011021
0710730011021
0619993011171
0710337011021
0810068011021
0000832011021
0710338001021
0008321011021
0711272001011
0710335011021
0000014011021
0710838001011
0711123001171
0711122011171
0711121011011
0711121011021
0711217001021
0711121001011
0711273001171
0711176011171
0710902001011
0621770011021
0711127011011
0711129011171
0711127011171
0711127001171
0711138011021
0710690011021
0710526001011
0710527001021
0710527011021
0710525001011
0711165011021
0710868011011
0710875011011
0710850001011
0818301011021
0711235001021
0818316001171
0711000001011
0618028001171
0711230011171
0711165011171
0711166011171
0711165001021
0711220001171
0710886011171
0710877001021
0710879011021
0710886001011
0710972001171
0710971001011
0710970001021
0710876001011
0710876001171
0710878001171
0710876011011
0710912011171
0711166011011
0711219001021
0710992011011
0710992001011
0710992001021
0710992011021
0711080001011
0711135011021
0711137011021
0711133011011
0711138001021
0711130011021
0711080001171
0711000001021
0711002001171
0711297011021
0711297001171
0711290001171
0711050011171
0710591011011
0711051001171
0711050001171
0711039011011
0710393011171
0510036001171
0510123011171
0510201001011
0710832001171
0000833001171
0710928011171
0818313001171
0711052011171
0711120011021
0711105001011
0710975011011
0711185011021
0711075001011
0711283011171
0711283001171
0710576001011
0710058011021
0710014001021
0711510011021
0710031011021
0711331001021
0711637001011
0711637011171
0710389011171
0710391001011
0710390001011
0710390001171
0711615001011
0711616011171
0711555001021
0711555011021
0711555011011
0711555011171
0818365011171
0711620011171
0711622011011
0711616001011
0711621011171
0711671001171
0711522001171
0711525011021
0711522001021
0711569011011
0711580011021
0711606011171
0711606011021
0711566011171
0710887011021
0711573011171
0711580011011
0711568001011
0711572011171
0711570001021
0711568011021
0711692001171
0711566011021
0711567001171
0711565011021
0711579001011
0711579011011
0711579011021
0711576001021
0711575001011
0711577001011
0711566011011
0711579001021
0711500001171
0711500011171
0711300011021
0710013001011
0710031001171
0710016001171
0710027011011
0710906001021
0710906011021
0710906011011
0711205011011
0711205001021
0710997011171
0711205011021
0710013011021
0711325011171
0711325011011
0711205001011
0711206001171
0710905001011
0910227001011
0818310011011
0711206001021
0711517011171
0711280001011
0711175001011
0711175011021
0711517011011
0711518001011
0711520001171
0711106001021
0711376001011
0818395001011
0711376011011
0711586011021
0711596001021
0711281011171
0711177011021
0710019011011
0711279011171
0711280011021
0711177011011
0710555001171
0710033011171
0710033011021
0711188011021
0711187011021
0711185001171
0711710001171
0711720011021
0711720001011
0710839001011
0711529001021
0711529011021
0711003001021
0710308011011
0711760011171
0711760011021
0000014011051
0000014011071
0711770001021
0711771011021
0711706001021
0711735011021
0711751001021
0711750011021
0711750011171
0711815001171
0711812011011
0711822011021
0711813011171
0711810011171
0711810011021
0711811001021
0711822001171
0711812011171
0711790001021
0711790011011
0711800001171
0710060001021
0710061011011
0710060001011
0711530011011
0711861011171
0711861011011
0711860011171
0711890011011
0711921011171
0711761011011
0711761001171
0711506011171
0711960001021
0711961001021
0711960011011
0712030001011
0712051011171
0712050001021
0711587001011
0711587001021
0710209001011
0710209011021
0712030011011
0712120011021
0910396011021
0910396001171
0710888001171
0712112011011
0710889001021
0711609011021
0711609001021
0711609001171
0712100001171
0712100001021
0710883011021
0712170001171
0711708001171
0711707001021
0712113011011
0712113011171
0712255001171
0910523001011
0712258001011
0710915001021
0712252011021
0712210001171
0712235011021
0712235001171
0712258001021
0818612011021
0818612001011
0712230001011
0712231001171
0712231001021
0712192011021
0712266001171
0712260011011
0712261001011
0712269001171
0710210011171
0712269011021
0712265001171
0712236001021
0712236001011
0712236011021
0712550001011
0710615001021
0710615001171
0712332001021
0711531011171
0712299011171
0712296011021
0712291011011
0712299001021
0712292011011
0712360001171
0712299001171
0711601011011
0712612001011
0712615011011
0711601011021
0711601001021
0712612011171
0712625011021
0712626001021
0712628011011
0712622011011
0712611001011
0712622001021
0712615011021
0712612011011
0712580001171
0710066001011
0710067011021
0710335011171
0710006011011
0710232011171
0710231011011
0710356011011
0710357001171
0710356001171
0710329011011
0710357011021
0710360011021
0710065011021
0710065001021
0710327001011
0710328011011
0710327011021
0710327011171
0710329001011
0710356011171
0810568011171
0710352001011
0811988001171
0710236011011
0710206001021
0710233011021
0710237001171
0710239001171
0810016001011
0810016011021
0710352011011
0710352001021
0811988001021
0710315011011
0710637001011
0710636011021
0710233001021
0710234001011
0710250011171
0710236001021
0710108011011
0710056001021
0710008001011
0710521011011
0710070011011
0710235011021
0710188011171
0710189011171
0710059011021
0710082011021
0710108011171
0710588001011
0710588001021
0710593001011
0710587011021
0710587011011
0710655001171
0710776001011
0710583001021
0710580001011
0710581011011
0008321001021
0710388011011
0710001011171
0710082001021
0710080011011
0008185001011
0003880001011
0711275001021
0710611001011
0710536001171
0710537011011
0710580011171
0710618001011
0710618001021
0910119011021
0910119011011
0710619001171
0710620011171
0710620001171
0710680011021
0710628011171
0710630011171
0710701011171
0710138001171
0711272001171
0710397001021
0710397011021
0710270011011
0710268001171
0710092001171
0710092001011
0710381011011
0710330001011
0710688011011
0710688001171
0710689001011
0710321011011
0710321001021
0710268011021
0710322011171
0710271011021
0710752001171
0710730001021
0710730011171
0007102011011
0710350011021
0007102071021
0000832001021
0000832011171
0810068001021
0710335001021
0710589011021
0710590001021
0711128001011
0711126001021
0710838001021
0711122011021
0711120001021
0711122001011
0711215011021
0711216001021
0711217001171
0711216011011
0711215011171
0711217001011
0711273011021
0711275011011
0711271011171
0710902001171
0710901011011
0711124001171
0711128011021
0711126011021
0711132001011
0710527001171
0710867011171
0710880011021
0710880011011
0710875011021
0710850011011
0710850011021
0711135011011
0711137001171
0711133001011
0710880001021
0818316001021
0818316001011
0711001011021
0711000011171
0711166001171
0711221011011
0711230001011
0711230001021
0710575011171
0710973011021
0710971011011
0710972011171
0710876011171
0710879011171
0711220001021
0710912011011
0711150001021
0711150011021
0711130001011
0711138011011
0711151011011
0711151001171
0711000011021
0711087011171
0711270001171
0711176011011
0711290001011
0711291011171
0710528001011
0621551001011
0711051011021
0710591001021
0711051001021
0510201011021
0710529001011
0510123001021
0710928011021
0710929011011
0710928001171
0710591001011
0710393001021
0711038011021
0711037001171
0711037001021
0008880001171
0818313001021
0818319011171
0711105011011
0711105001021
0711081011171
0710208011171
0711200001171
0710058001021
0711331011171
0711512011021
0710014011021
0711671011021
0711331001011
0711511001171
0710392011011
0710392011171
0711563001021
0711621011021
0711620001021
0818365001021
0818365011021
0711622001021
0711705011171
0711705011021
0711705001171
0711525011011
0711521001021
0711521001171
0711522011011
0711569011171
0711570001011
0711569001021
0711606001171
0711607001171
0711523001021
0711597001021
0711569001011
0711573001171
0711567001021
0711597011171
0711650001021
0711576011011
0711578001171
0711578001011
0711575011171
0710999011021
0711515001011
0710027011021
0710024001011
0710998001021
0710997001011
0711071011011
0710024011021
0710024001021
0711205011171
0818310001021
0910227011011
0710907011171
0711277011171
0711282011171
0711175001171
0711106011021
0711516011171
0711515001171
0711278001021
0711175011171
0818395011171
0711596001171
0711595001011
0711595001021
0711282001011
0711276001011
0710012011171
0710025011021
0711282011021
0710901011171
0710011011021
0710011001011
0711187001171
0711711001171
0711710001021
0711721001011
0711720011171
0710839001021
0710839011011
0711528001021
0711527011171
0711527001011
0711528011011
0711003011171
0711503001021
0711505011171
0711760001171
0711610001011
0711672001011
0711770001011
0711672011171
0711750001011
0711750011011
0711815011021
0711811011171
0711811001011
0711821011171
0711815011171
0711813001021
0711815001011
0711800011011
0710061001171
0710060011011
0711530011171
0711861011021
0711861001171
0711861001021
0711598011011
0711920011021
0712010001021
0711761011171
0712010001171
0711506001021
0711980011171
0712001001021
0712001011021
0712001001171
0711961011011
0711960001011
0711970011171
0711971011011
0712030011171
0712052011011
0711587011011
0711693001021
0712032011011
0712035001011
0712121011021
0712060011021
0910396011011
0712111011011
0712110011021
0712112001011
0712111001171
0712110011171
0712110001021
0711609011171
0818606001171
0712100001011
0710883011011
0710883011171
0711707011021
0712113011021
0712230001021
0712251001021
0712250011021
0712256001171
0910523001021
0712256011021
0712250011011
0710915011021
0710915011011
0712257001011
0712251001011
0712258011021
0712235011011
0712253001021
0712253001011
0818612001021
0712231011021
0712232001021
0712193001171
0712190001021
0712192011011
0712190011011
0712193001021
0712267011011
0710210001171
0712265011011
0712261001171
0712530011011
0712290001021
0712293001171
0712291011171
0711531001011
0712297011011
0712293011011
0712297011171
0712297001011
0712296011171
0712360011171
0712360011021
0712171001171
0712171001011
0712330011011
0711210011171
0711210001021
0712617001171
0712611011171
0712622011171
0712615001011
0712622011021
0712627001171
0712628011021
0712628001011
0712627011171
0712628001171
0712627001021
0712627001011
0712626011021
0712580011171
0712580001011
0711265011171
0711265001011
0711265001171
0710069001021
0710069001011
0710338001171
0810068001011
0710006001171
0710006001011
0710132001171
0710326011011
0710328001171
0810568001171
0710101001171
0818250011011
0811988001011
0710086001021
0710315001021
0710636011011
0710235011011
0710221001021
0710250011011
0710233011011
0710008001171
0710010011011
0710238001011
0710239011171
0710189011021
0710189001021
0710108011021
0710057011021
0710588001171
0710587001011
0710592001171
0710593011171
0710776001171
0710500001011
0710776011021
0710580011021
0710582001021
0710583011021
0710583011011
0710059001021
0710121011021
0710388001171
0711271011021
0710655001021
0710613001021
0710612011171
0710057011171
0710610011021
0710610011171
0710010001171
0710537001011
0710536001011
0710612001021
0710612011011
0710610011011
0710612001011
0710618001171
0710682001021
0710680011171
0710680011011
0910119001021
0710619011011
0710622001171
0710621011021
0710680001011
0710682011021
0710622001021
0710620001021
0710621001171
0710701011021
0711273011171
0710397001171
0008880001011
0710092011021
0710381011171
0710351001011
0710226001011
0710338001011
0710132001021
0710689011021
0710768001021
0710768011171
0710770001011
0710770001021
0710770011171
0710268001021
0710305011171
0710321001171
0710730011011
0710760001171
0710330001021
0710396001021
0003880011011
0000832001171
0007102011021
0711271001171
0000014001171
0710339011021
0710589001171
0710589011171
0711124011021
0710838001171
0711110011011
0711216001171
0711216001011
0711217011171
0711120001011
0711125011011
0711126001011
0711131011011
0711132011011
0711131011171
0711137001021
0711136001171
0710690001171
0710690011171
0710690011011
0613172001021
0710525001021
0613172011011
0710525011021
0710867011011
0710867001011
0710867001021
0710850001171
0711136011011
0710880011171
0818301001021
0818316011021
0711220001011
0711230001171
0711221001171
0710877001171
0710575001021
0710972011011
0710972001011
0710881001021
0710878001021
0710886011011
0711165011011
0710912011021
0711073001171
0711150001171
0711073001021
0711136011021
0711131001011
0711136001011
0711132001021
0818328011021
0711002001011
0818328011171
0711087011021
0711297011011
0711270001011
0711178001021
0711295011011
0711295001011
0710528001171
0621551001171
0510201011171
0710529011011
0711037001011
0711038011011
0710927001021
0711051011011
0710591011171
0710393001011
0710929011171
0818313011011
0711121001171
0711105011171
0818319001021
0710975001021
0711105011021
0710975011171
0711188011171
0711200011011
0711200001021
0710058001011
0710058001171
0711651001021
0711511001011
0710031011171
0711510001011
0711651011021
0711670011021
0711670001171
0711670001011
0711331001171
0710028011011
0711512001171
0711511011171
0711511011021
0710014001171
0711513001021
0711563011021
0710909001011
0711636011011
0711637001021
0711637011021
0710391011021
0711563001011
0711563011171
0711563011011
0711550001021
0711616001021
0711620001171
0711622011021
0818365001171
0818365001011
0711615001171
0711523001171
0711570011171
0711572001011
0711573001021
0711571001011
0711606001021
0711605001011
0711606001011
0711692011011
0711525011171
0711525001021
0711523011171
0711597011021
0711691011011
0711567011011
0711690011171
0711567001011
0711597001171
0711565001011
0711597011011
0711597001011
0711577011171
0711516011011
0711520001021
0711519011171
0711518011021
0711300011171
0711300011011
0710024001171
0710031001011
0710016011021
0711139001011
0710015011021
0710013001171
0711325001171
0711325011021
0710997001171
0710908011011
0711350001011
0711350001021
0711501011171
0710903011021
0710900001021
0711175011011
0711278011011
0711177001011
0711502011021
0711519001171
0711178011171
0711276001021
0711178011021
0818395011021
0818395011011
0711376011021
0711596011011
0711595011011
0711596001011
0710895011021
0710900011021
0711106011171
0711276011021
0711176001171
0710012001011
0710020001011
0710018011011
0710018011021
0710020011021
0710018001171
0710017001171
0710017011171
0711177011171
0711176001021
0711175001021
0710555011011
0710012011011
0711187001011
0711075001171
0711188001021
0711710011011
0711720001171
0711528001011
0711528011021
0711528001171
0711527001171
0711503001011
0711330011021
0710308001021
0710308001171
0711610011171
0711610001171
0711772001021
0711771001171
0711770001171
0711770011011
0711706001011
0711706011011
0711736011021
0711735001021
0711735001011
0711673001011
0711673001171
0711750001171
0711751001171
0711751001011
0711750001021
0711815011011
0711821011021
0711821011011
0710061011021
0711530001171
0711860011021
0711850011011
0711890011171
0711890001021
0711598001021
0711598001011
0711598011021
0711921011011
0711921001171
0712010001011
0712000011011
0712000011171
0711970001021
0711970011011
0712032001021
0818596001021
0712052001021
0712051011021
0710209001171
0712020001171
0712020011021
0711693011021
0711693011171
0712031001171
0712033011021
0712121001011
0712120001011
0712121001171
0712060011171
0712060001011
0910396001021
0910396011171
0712112001171
0712112011171
0710888011171
0712112001021
0818606011021
0712100011011
0711708001011
0712232001171
0712257011011
0910523001171
0710915001011
0712210011011
0712251011171
0712233011011
0712232001011
0712193001011
0712190011171
0712263011011
0712259011011
0710210001021
0710210011021
0710210011011
0712268001171
0712268001021
0712267001171
0712550011171
0712550001171
0710615001011
0712332001171
0712331001011
0712332011021
0712292001171
0712298001171
0910571011011
0712330011171
0712330001171
0711210011021
0712616001011
0712622001171
0712620001011
0712617011021
0712617001021
0712623011171
0712613011021
0712610011171
0712620011171
0712618001171
0711601011171
0712611011011
0712623011021
0712623001171
0712620011021
0711265011011
0710067001021
0710069011171
0710069001171
0810061011011
0710351011171
0710330011171
0810068011011
0710357001021
0710357001011
0000833001011
0710323001171
0710323011021
0710085001021
0710065011011
0710326011171
0710326001171
0710328001021
0710328011021
0710327001021
0710357011011
0710356001011
0810568001011
0811988011171
0710101011171
0811988011011
0710107011171
0710206001011
0710237011011
0710221001171
0710250001171
0710315001011
0710637011021
0710234011021
0710233001171
0710236001011
0710110011171
0710388001011
0710521001021
0710234011171
0710237011021
0710206011021
0710231001011
0710207001171
0710188001171
0710189011011
0710010011171
0710082001011
0710131001171
0710121001011
0710059011171
0710593011011
0710592001011
0710587011171
0710776011011
0710500011171
0710500011021
0710500001171
0710500001021
0710583001011
0710580011011
0710056001171
0711272011021
0000705001021
0711271001021
0710655011021
0710655001011
0710613001011
0710612001171
0710581001171
0710056011171
0710537001021
0710535001011
0710057001171
0159872011021
0710619001021
0710680001171
0710623001011
0710629001021
0710630011021
0710630001021
0710700011021
0710138001021
0710138011021
0710138011011
0711273011011
0710270001011
0710269011171
0710268011011
0710381001011
0710382001171
0710336011011
0710335001011
0711217011011
0710330011011
0710339011011
0710688001011
0710689001171
0710322001011
0710396001011
0710353011021
0710770001171
0710305001171
0710271001021
0710305011021
0710752001021
0710760011021
0619993001011
0710336011021
0003880011171
0710338011021
0710330011021
0000014001021
0711275001011
0710589011011
0711125001171
0710838011011
0818320001171
0711215011011
0711218011171
0711218011011
0711166001021
0711110001021
0711122011011
0711123011171
0621770011171
0711125011021
0711124001011
0711135001171
0711131001171
0613172001171
0710526011011
0710867001171
0710867011021
0711137011171
0710875001021
0818301011011
0711235011011
0818316011171
0711001001171
0818328011011
0711222001171
0711166011021
0618028011021
0711221011021
0710881011021
0710878001011
0710971001171
0710877011021
0710881011011
0710912001171
0711222011171
0710912001011
0711073011011
0711150011171
0711133001171
0711073011021
0711080001021
0711073011171
0711001001011
0818328001171
0818328001011
0711002011171
0711002001021
0711087001011
0711290001021
0711291001171
0711297011171
0711270001021
0711290011171
0711295011171
0710528011021
0510036011021
0710529011171
0710529001171
0510123011021
0710591011021
0710832011011
0711038011171
0711050001021
0711039001171
0510366001171
0710529011021
0710929001171
0710928011011
0711050011021
0711050011011
0711037011021
0711050001011
0711051011171
0711052001011
0711052011011
0711081011011
0711105001171
0710975001011
0711188001011
0711187011011
0711200011021
0711283011011
0711283011021
0710576011171
0710577011011
0710576011021
0710058011171
0711651011011
0711651001011
0711513011011
0711331011021
0711651001171
0711670011171
0710031011011
0711510011171
0711510011011
0710909001021
0711636001171
0711635001171
0711636001011
0710391011171
0710390011171
0711550011011
0711620011011
0711616011011
0711615011011
0711615011171
0711705011011
0711705001011
0711522011171
0711526011171
0711580011171
0711572011011
0711572001171
0711572001021
0711571001171
0711607011011
0711605011021
0711566001021
0711526001021
0710887001011
0711570011021
0711570001171
0711578011171
0711579001171
0711690001171
0711690011011
0711690001021
0711692011021
0711566001171
0711691001011
0711263001171
0711565001171
0711576011021
0711577011021
0711516001011
0711519011011
0710908001171
0711206001011
0711071001021
0710906011171
0710015011011
0710024011171
0711325001011
0711325001021
0710905001171
0710907011021
0711206011011
0711071001011
0711205001171
0710998011021
0818310011021
0711350001171
0711501001011
0711177001171
0711278001171
0711279011011
0711500001011
0711520011171
0711516001171
0711515001021
0711519001011
0711501011021
0711277001011
0710901001021
0711279011021
0711585001021
0711585001011
0710895001171
0710011011171
0710017011011
0710033001171
0710018001011
0710018001021
0710025011011
0710033001021
0710017011021
0711188001171
0711711011011
0711721011011
0710839011021
0000014001031
0711003011011
0711003001011
0711505011021
0711503011011
0711330001011
0710308011171
0710996011021
0711760011011
0000014001051
0000014001071
0711610011011
0711672001171
0711772001171
0711736011171
0711735011011
0711736001011
0711736011011
0711673011171
0711751011011
0711813001011
0711820011011
0711821001011
0711812001021
0711822001011
0711822001021
0711815001021
0711813011021
0711811011011
0711820001171
0711790001171
0711801001171
0711800011171
0711801011171
0711801001021
0711801001011
0710061011171
0711761001021
0711506001011
0712001001011
0712001011171
0711971011021
0711971001021
0711970001171
0818596001011
0712051001011
0712050001011
0712050011021
0711693001011
0711693011011
0712032011171
0712031001011
0712035011011
0712031011171
0712035001171
0910396001011
0712110001171
0710889011011
0712112011021
0712110001011
0710889001171
0818606001011
0818606011171
0710883001171
0712170001011
0712170001021
0711707011011
0712255011011
0712200011021
0712200011171
0712252011011
0712252011171
0712257001021
0712256001011
0712257011171
0712255001011
0712235001011
0712235001021
0712253011021
0712230011021
0712230011011
0712232011011
0712192011171
0712191001011
0712192001171
0712261011021
0712265001011
0712269011011
0710210001011
0712263001021
0712270011021
0712268011171
0712262001171
0712263001011
0712265001021
0712259011021
0712263011021
0712266011171
0712236001171
0712236011171
0712550011011
0712332011011
0712331001021
0712290001171
0712293011021
0712296001171
0712299001011
0711531001171
0712298011011
0712297001171
0712360011011
0910571001171
0712171001021
0712171011171
0712330011021
0712613001171
0712612001171
0712625001011
0712610001011
0712610001021
0712623001021
0712611011021
0712616001021
0712623001011
0712616001171
0712613001021
0712617001011
0712626011171
0712627011011
0712626011011
0712625011011
0712611001021
0712621001171
0712612011021
0711265011021
0711265001021
0710069011011
0710066001021
0710338011171
0710337001171
0810068001171
0710336011171
0710230011021
0710151011021
0710360001021
0710085001011
0710328011171
0818250001021
0710355001171
0810568011021
0710101011021
0810016001171
0710206011011
0710207011021
0710239011021
0710107001011
0710107011011
0710352001171
0810016011011
0710107001021
0710086011011
0710086001011
0710315011021
0710315011171
0710315001171
0710637011171
0710636001011
0710636001171
0710207001021
0710237001021
0710121011011
0710177001011
0710388001021
0710070001011
0710236001171
0710239001021
0710239001011
0710234011011
0710131001021
0710388011171
0710057001021
0710057001011
0710592011171
0710593011021
0710655011011
0710581001021
0710001001171
0710001011011
0710131011011
0710108001011
0710056011011
0710081011011
0711275001171
0710611001021
0710613011011
0710613011171
0710583001171
0710083011021
0710536011021
0710535011021
0910119011171
0710612011021
0710618011021
0710621011171
0710619001011
0710619011171
0710621001011
0710682001171
0710623011011
0710629011021
0710630001171
0710701001021
0711272001021
0711272011171
0710270011171
0710271011011
0710092011171
0710337001011
0710232001021
0710231001171
0710689011171
0710353001011
0710353011171
0710768001011
0710768011021
0710768011011
0710752011171
0710730001171
0710730001011
0710760001011
0619993011021
0619993011011
0007102011171
0007102071171
0008321011171
0710350001021
0710337001021
0000832011011
0000014011171
0711271001011
0710351001021
0710589001021
0710590001011
0711129001011
0711126011011
0711127011021
0711120011171
0711110011171
0711123011021
0818320001021
0711110001171
0711218001171
0711215001021
0711218001021
0711218001011
0711120011011
0818320001011
0711110011021
0711178001011
0621770001011
0621770001021
0711124011011
0711130011011
0711131011021
0710527011011
0710526011171
0710868001021
0710868001011
0710868001171
0710880001171
0710885001171
0711125011171
0711126001171
0711129001021
0711125001021
0711130011171
0711136011171
0818301001011
0818316011011
0711219011021
0711219001171
0710879011011
0710878011171
0710882011021
0710882001171
0710575011011
0710970011171
0710881011171
0710882011011
0710876001021
0710881001011
0710973001171
0710970011011
0710972011021
0710971011021
0710973011171
0618028001021
0618028011011
0711222011021
0710912001021
0710992011171
0711080011011
0711150001011
0711138001011
0711080011171
0711000001171
0710901001171
0711296011011
0711295001021
0711296001021
0711291001021
0621551011021
0510366011011
0711039001011
0710393001171
0710393011021
0711039011171
0711038001021
0000705001171
0008185001171
0710929001011
0710927011021
0710975011021
0710208001021
0711075011021
0711283001021
0710555011171
0710014011011
0711512001011
0711671011011
0711513011171
0710909001171
0711636001021
0711635001011
0710391001171
0710392001021
0710392001171
0710390001021
0711550001171
0711616011021
0711622001011
0710389011011
0711620011021
0711615011021
0711671001021
0711705001021
0711521001011
0711521011011
0711522001011
0711570011011
0711573011011
0711568011011
0711605011171
0711605001021
0711605011011
0710976001171
0711571001021
0711690001011
0711263011011
0711650001171
0711576001011
0711575011021
0711578001021
0711575001171
0710999001171
0710999011171
0710999001021
0710999011011
0711579011171
0711518001021
0711517001011
0711519001021
0711300001171
0711300001011
0711300001021
0710024011011
0710013001021
0711071011021
0711072011021
0818310011171
0710997011011
0710906001011
0710907001011
0711071001171
0711350011021
0711515011171
0711517011021
0711502011011
0711500011011
0711519011021
0711515011011
0711376001171
0711585011021
0711595011021
0711276011171
0711176001011
0710901011021
0711280001171
0710901001011
0711106011011
0710900001171
0710025001011
0710011011011
0710033001011
0710012001171
0711106001171
0711176011021
0711178011011
0711277011011
0710555001011
0710019011021
0710020001021
0710025001021
0710018011171
0710011001171
0710012011021
0710011001021
0711186001011
0711185001021
0711186011171
0710208001171
0711186011021
0711075001021
0711075011171
0711187011171
0711711011021
0711711011171
0711529001171
0711527011011
0711528011171
0711003001171
0711330011171
0710308001011
0710308011021
0710996001011
0711760001021
0711771001011
0711770011171
0711770011021
0711736001021
0711672011011
0711813001171
0711820011171
0711812011021
0711790001011
0711790011021
0711801011011
0710061001011
0711530011021
0711530001021
0711530001011
0711860011011
0711860001171
0711861001011
0711850001171
0711850001011
0711890001011
0711598001171
0711921011021
0712000001171
0711961001171
0711971001171
0711971011171
0712032011021
0712033011171
0818596001171
0712032001011
0712033001171
0712030011021
0712120001171
0712121011011
0712060001171
0710889011021
0712111001021
0710888011011
0710888001021
0710883001021
0711708001021
0711708011011
0712113001021
0712232011171
0712231001011
0712200001171
0712200001011
0712258011011
0712257011021
0712251011021
0712250001021
0712255001021
0712210001011
0712210001021
0712210011171
0712253011011
0712256011171
0818612011011
0712192001011
0712191001171
0712191011021
0712191011011
0712190001171
0712263001171
0712268011021
0712269001021
0712269001011
0712267011021
0712530001021
0712550001021
0712550011021
0710615011171
0712292011171
0712299011021
0712298011171
0712298001021
0712296001011
0711531001021
0712290011011
0712291001011
0712293011171
0712295011021
0712171011011
0712330001011
0711210001171
0712615001171
0712622001011
0712616011021
0712626001171
0712625001171
0712626001011
0712628011171
0712617011011
0712623011011
0712617011171
0712621001021
0710006001021
0710067001171
0007102071011
0710350011171
0710226001171
0710330001171
0710132001011
0710132011021
0710355011171
0710355011021
0710355011011
0710151011011
0710151001011
0710151011171
0710360011011
0710323001021
0710085001171
0710326011021
0710326001021
0710327011011
0810568001021
0810016011171
0811988011021
0710234001021
0710238011171
0710237001011
0818250001171
0710352011021
0710085011011
0710086011171
0710637001021
0710221011011
0710236011021
0710080001171
0710010001011
0710110011021
0710388011021
0710521011021
0710521011171
0710250001011
0710188001011
0710131001011
0710083001171
0710108001021
0710001011021
0710588011021
0710588011171
0710580001021
0710581011021
0710081011171
0710008001021
0710056011021
0710059011011
0710056001011
0000014011011
0710610001171
0710582011171
0710110001171
0710583011171
0710680001021
0710682001011
0710620011011
0159872001171
0710628011021
0710628001171
0710701001171
0710305011011
0710305001011
0710501001171
0710501011011
0710382011011
0710381001021
0710337011011
0710351011011
0710230011171
0710230011011
0710689011011
0710689001021
0710688001021
0710322011011
0710396011011
0710396001171
0710353011011
0710270011021
0710226011021
0710322001171
0710305001021
0710760011011
0710760001021
0003880001021
0711216011021
0008321001171
0710339001021
0003880011021
0008321011011
0710590001171
0711128001171
0711128001021
0711122001021
0711123011011
0818320011171
0711215001171
0711217011021
0711230011021
0711120001171
0711121001021
0621770011011
0711128011011
0711129011011
0711127001011
0711137001011
0710690001011
0710868011171
0710885011021
0710850011171
0711129011021
0711130001171
0711235001011
0711230011011
0710881001171
0710886001021
0710879001171
0710877011171
0710886011021
0710973001011
0710972001021
0710878011021
0710882001011
0710973001021
0711166001011
0711221001021
0711151001021
0711073001011
0711138001171
0711131001021
0711151011171
0711001011171
0711270011171
0711270011021
0711278011171
0711291011011
0711297001021
0711295001171
0711296001011
0711296011021
0711291001011
0711295011021
0510201001021
0510036011171
0510366001011
0710528011171
0510366011021
0710591001171
0711038001171
0710528011011
0710929001021
0710927001171
0710927011171
0710928001011
0711052001021
0818313011171
0711075011011
0711200011171
0711283001011
0710058011011
0711651011171
0711650011021
0711650011011
0711512011011
0711511001021
0711512001021
0711670011011
0710014011171
0710028011021
0711513001171
0711513011021
0710909011021
0710909011171
0711635001021
0711636011021
0711637001171
0710389001171
0710390011011
0710391001021
0710392011021
0710389001011
0711550011171
0710389001021
0711555001171
0711621001011
0711578011021
0711523001011
0711526001011
0711521011171
0711522011021
0711569011021
0711606011011
0711607001021
0711607001011
0711607011021
0711605001171
0711525001011
0711523011011
0710887001171
0710887001021
0710887011171
0710887011011
0711573011021
0711568011171
0711568001021
0711567011021
0711567011171
0711566001011
0711691001171
0711690011021
0711263011171
0711565011171
0711650001011
0710976011011
0711576011171
0711575001021
0711577011011
0711502001171
0711501011011
0711520011011
0710015001171
0710016001021
0710016011171
0710015001011
0710997001021
0710998011011
0710907001021
0710998001171
0711139001021
0710905011171
0711072001021
0711072001011
0710907001171
0710908001021
0711072001171
0910227011171
0710905011021
0711279001011
0711106001011
0710902001021
0711281001021
0711501001171
0711500011021
0711518001171
0711281001011
0711277011021
0711279001021
0711279001171
0711520001011
0818395001171
0711376001021
0711596011171
0711595011171
0711596011021
0711586001021
0710895001021
0711280011171
0710903001171
0711278001011
0710019001011
0710900011171
0711177001021
0710555011021
0710576001171
0710033011011
0710025001171
0710020001171
0710019011171
0711186001021
0710208011021
0710208011011
0711188011011
0711185011011
0711721001021
0711721001171
0711529011011
0711529011171
0711527011021
0711503011171
0711330001021
0710996011011
0710996011171
0710996001171
0711610001021
0711771011171
0711772011171
0711772011021
0711706001171
0711673011021
0711672011021
0711812001171
0711820001021
0711821001171
0711810011011
0711812001011
0711811001171
0711801011021
0710060011021
0710060001171
0711860001021
0711850011021
0711921001021
0711920011171
0711920011011
0712010011011
0711761001011
0711761011021
0712010011021
0711506011021
0711980001021
0711980001171
0712000001021
0711961001011
0711960011021
0711971001011
0711970011021
0818596011011
0712030001021
0712052001011
0712052011171
0712051011011
0711587011021
0710209001021
0710209011011
0712033011011
0712033001011
0712060011011
0712111011021
0710889011171
0710888001011
0711608001021
0711608011021
0711608001011
0711609001011
0711609011011
0711608001171
0710883001011
0712170011021
0712170011011
0711708011021
0711707001171
0712252001011
0910523011021
0712200001021
0712200011011
0712251011011
0712250011171
0712250001171
0712258001171
0712251001171
0712259001011
0818612011171
0712231011011
0712231011171
0712233001011
0712191011171
0712191001021
0712261011171
0712260001171
0712267001011
0712267001021
0712261011011
0712260011021
0712262011011
0712262011171
0712270001171
0712266001011
0712266011021
0712260011171
0712530001011
0710615011021
0712290001011
0712295011171
0712290011021
0712293001021
0712295011011
0712298011021
0712299011011
0712292011021
0711531011011
0712297011021
0712292001021
0712292001011
0712360001011
0711210001011
0712618001021
0712613011171
0712618001011
0712621011171
0712621011021
0712613011011
0712620011011
0711601001171
0712618011171
0712618011011
0810061001011
0810061011021
0710066001171
0710339011171
0710226011171
0710335001171
0710336001171
0810068011171
0710351001171
0710006011171
0710132011011
0710230001011
0710356001021
0710323001011
0710360011171
0710323011171
0710327001171
0710355001011
0710238001171
0710207011011
0710206011171
0710107011021
0710085011021
0710637011011
0710636001021
0710239011011
0710233011171
0710235001021
0710131011171
0710081001171
0710121011171
0710081001011
0710080011021
0710008011021
0710521001171
0710221001011
0710188001021
0710080011171
0710082001171
0710082011171
0710121001021
0710177011171
0710010011021
0710592001021
0710083001021
0000014001011
0710655011171
0710580001171
0710611011171
0710001001021
0710001001011
0710080001011
0710537011171
0710536001021
0710581011171
0710611011011
0710536011171
0710535001021
0910119001011
0710620011021
0710682011171
0710623011171
0710620001011
0710622001011
0710623011021
0159872001011
0710629011171
0710629011011
0710628011011
0710700011171
0711273001011
0710397011011
0710397001011
0710269011011
0710271001171
0710271011171
0710268011171
0710270001171
0710268001011
0710501001011
0710382001011
0710381001171
0710350011011
0710688011171
0710770011021
0710269001021
0710226001021
0710322001021
0710752011021
0710752011011
0710760011171
0619993001171
0619993001021
0710351011021
0710396011021
0710590011021
0710589001011
0711126011171
0710838011021
0710838011171
0711123001011
0711123001021
0711216011171
0711122001171
0818320011011
0711275011021
0621770001171
0711129001171
0711124001021
0711133011171
0711130001021
0710690001021
0711235011021
0613172001011
0710525011171
0710525001171
0710526001021
0711219011011
0710885011011
0710880001011
0710885011171
0710875011171
0711124011171
0711133011021
0711135011171
0818301001171
0818328001021
0711165001171
0618028001011
0711220011021
0711220011171
0711165001011
0711221001011
0710877011011
0710879001011
0710878011011
0710876011021
0710575001171
0710575011021
0710971001021
0710973011011
0710879001021
0710886001171
0711220011011
0711221011171
0711151011021
0711133001021
0711136001021
0711138011171
0711000011011
0711002011011
0711001001021
0711002011021
0711087011011
0711087001021
0711290011021
0510366011171
0510123011011
0510036011011
0510201011011
0510036001021
0510201001171
0710529001021
0710832011021
0710832001011
0510123001011
0510123001171
0621551001021
0510366001021
0711038001011
0711037011171
0711037011011
0710832011171
0710393011011
0711039001021
0710927001011
0818313001011
0818313011021
0711121011171
0710975001171
0818319011021
0711081001021
0711081001011
0818319011011
0711186011011
0711200001011
0710577001171
0710577001021
0711650011171
0710028001171
0710028001011
0710014001011
0711671011171
0711513001011
0710028011171
0711510001021
0711635011171
0711635011021
0710392001011
0710389011021
0710391011011
0711563001171
0711550011021
0711615001021
0711621011011
0711555001011
0711671001011
0711526011021
0711526011011
0711526001171
0711580001011
0711571011171
0711692011171
0711580001021
0711571011021
0711572011021
0711578011011
0711691011171
0711692001011
0711691001021
0711692001021
0711565011011
0710976011021
0711263001021
0711263011021
0711575011011
0711576001171
0711517001171
0711518011011
0710015011171
0710013011171
0711206011021
0710908011021
0711139001171
0710027001171
0710015001021
0710013011011
0710907011011
0710906001171
0910227011021
0910227001171
0711206011171
0710908011171
0711350011011
0711518011171
0711281001171
0711281011011
0711500001021
0711516001021
0711282001171
0711276001171
0710903011011
0710903001011
0711277001171
0711278011021
0711280001021
0711276011011
0818395001021
0711586001171
0711586001011
0711585001171
0711586011171
0711585011171
0711586011011
0710895001011
0710895011011
0710902011011
0711178001171
0710902011021
0710020011171
0710900001011
0710555001021
0710012001021
0710025011171
0710017001021
0710208001011
0711710011171
0711721011171
0711720011011
0710839011171
0710839001171
0000014011031
0711527001021
0711529001011
0711505001171
0711503011021
0711330011011
0711330001171
0710996001021
0711610011021
0711672001021
0711771011011
0711771001021
0711772011011
0711706011171
0711735001171
0711736001171
0711735011171
0711673011011
0711673001021
0711822011171
0711822011011
0711820001011
0711811011021
0711820011021
0711800001011
0711800001021
0710061001021
0710060011171
0711860001011
0711890011021
0711890001171
0711598011171
0711920001011
0712010011171
0711980011021
0711980001011
0712000011021
0711960011171
0711960001171
0711961011021
0711970001011
0818596011171
0712030001171
0712052011021
0712050011011
0712050001171
0712051001021
0712050011171
0712052001171
0712020001011
0712020011171
0711693001171
0712035001021
0712060001021
0710889001011
0712111001011
0818606011011
0712100011171
0711707001011
0712113001011
0712259001171
0712257001171
0712255011021
0910523011011
0712259001021
0712252001021
0710915001171
0712252001171
0712253011171
0712210011021
0712235011171
0712230001171
0712233011021
0712193011011
0712192001021
0712270001021
0712260001021
0712266001021
0712265011021
0712260001011
0712269011171
0712267011171
0712259011171
0712236011011
0712530011171
0712530001171
0712530011021
0712331001171
0712331011171
0712332001011
0712291011021
0712293001011
0712360001021
0910571001021
0910571011021
0712296001021
0712171011021
0712616011171
0712610011011
0712610011021
0712621001011
0712628001021
0712625011171
0712615011171
0712612001021
0712615001021
0712611001171
0712613001011
0711601001011
0712580011011
0710069011021
0710066011021
0810061011171
0710339001171
0710337011171
0710355001021
0710329011171
0710357011171
0710329001021
0710329001171
0710151001021
0710151001171
0008321001011
0710360001011
0710323011011
0710065011171
0710065001171
0818250011021
0710101001011
0710101011011
0810016001021
0710207001011
0710238011011
0710221011171
0710107001171
0710637001171
0710636011171
0710250001021
0710237011171
0710250011021
0710235001171
0710207011171
0710131011021
0710121001171
0710083001011
0710521001011
0710189001011
0710188011011
0710189001171
0710776011171
0710081011021
0710059001171
0710008011171
0710593001171
0710593001021
0710587001021
0710592011021
0710500011011
0710582011021
0710582011011
0710581001011
0710177011011
0710083011171
0710613011021
0710610001011
0710611011021
0710582001171
0710010001021
0710535001171
0710613001171
0710610001021
0710618011171
0710618011011
0710536011011
0710622011011
0710621001021
0710623001021
0710682011011
0710622011171
0710630001011
0710630011011
0710701001011
0710701011011
0710700011011
0710700001171
0711275011171
0710269001171
0710271001011
0710501011171
0710336001011
0710338011011
0710688011021
0710396011171
0710353001171
0710768001171
0710270001021
0710321011171
0710269011021
0710752001011
0711272011011
0710336001021
0710590011011
0710590011171
0711128011171
0711218011021
0711215001011
0818320011021
0711110001011
0711125001011
0711235001171
0711235011171
0710527011171
0613172011171
0710526001171
0710525011011
0710527001011
0613172011021
0710526011021
0618028011171
0710868011021
0710885001021
0710875001171
0710875001011
0710850001021
0711127001021
0711132011021
0710885001011
0818301011171
0710882001021
0710877001011
0710575001011
0710970011021
0710971011171
0710970001011
0710882011171
0710970001171
0711222001021
0711222011011
0711222001011
0711219011171
0711219001011
0710992001171
0711080011021
0711150011011
0711135001011
0711135001021
0711132001171
0711132011171
0711137011011
0711151001011
0711001011011
0711087001171
0711270011011
0711282001021
0711291011021
0711296011171
0711296001171
0711290011011
0711297001011
0710528001021
0510036001011
0621551011011
0710832001021
0621551011171
0710929011021
0710928001021
0710927011011
0711039011021
0711051001011
0711052011021
0711052001171
0711081011021
0818319001171
0711081001171
0818319001011
0711185001011
0711185011171
0710577011021
0710576001021
0710577011171
0710577001011
0711331011011
0711511011011
0710028001021
0711510001171
0711670001021
0711512011171
0710909011011
0711637011011
0711635011011
0711636011171
0710390011021
0711550001011
0711621001171
0818365011011
0711620001011
0711622001171
0711621001021
0711622011171
0711616001171
0711577001021
0711521011021
0711523011021
0711573001011
0711571011011
0711607011171
0711691011021
0711525001171
0711569001171
0711580001171
0711568001171
0711263001011
0710976001011
0710976001021
0710976011171
0711577001171
0711565001021
0710999001011
0711502001011
0711516011021
0711520011021
0711501001021
0711502001021
0710027001021
0710016001011
0711071011171
0710998001011
0711072011171
0711139011171
0711139011021
0711139011011
0710031001021
0710027011171
0710027001011
0710016011011
0710905011011
0710908001011
0711072011011
0710997011021
0910227001021
0818310001011
0818310001171
0710998011171
0710905001021
0711350011171
0711517001021
0711502011171
0711280011011
0711282011011
0711515011021
0710903011171
0710900011011
0711376011171
0711595001171
0711585011011
0710895011171
0710903001021
0711277001021
0710019001171
0710019001021
0710902011171
0711281011021
0710576011011
0710017001011
0710020011011
0711186001171
0711187001021
0711711001011
0711710011021
0711711001021
0711710001011
0711720001021
0711721011021
0711003011021
0711505001011
0711505011011
0711503001171
0711505001021
0711760001011
0711772001011
0711706011021
0711751011021
0711751011171
0711821001021
0711813011011
0711810001171
0711810001021
0711810001011
0711790011171
0711800011021
0711850001021
0711850011171
0711921001011
0711920001171
0711920001021
0711506011011
0711506001171
0711980011011
0712000001011
0712001011011
0711961011171
0712035011021
0818596011021
0712051001171
0711587001171
0711587011171
0710209011171
0712020001021
0712020011011
0712031011011
0712031001021
0712031011021
0712035011171
0712033001021
0712032001171
0712121011171
0712120011011
0712120011171
0712121001021
0712120001021
0710888011021
0712111011171
0712110011011
0711608011011
0711608011171
0818606001021
0712100011021
0712170011171
0711707011171
0711708011171
0712233001171
0712230011171
0712253001171
0910523011171
0712256001021
0710915011171
0712250001011
0712256011011
0712255011171
0818612001171
0712233001021
0712233011171
0712232011021
0712193011171
0712190001011
0712193011021
0712190011021
0712113001171
0712258011171
0712266011011
0712270001011
0712268011011
0712263011171
0712261001021
0712270011011
0712262001011
0712262011021
0712270011171
0712262001021
0712265011171
0712268001011
0710615011011
0712332011171
0712331011011
0712331011021
0712295001021
0712295001011
0712295001171
0712290011171
0711531011021
0712298001011
0712291001171
0712296011011
0712297001021
0910571001011
0910571011171
0712291001021
0712330001021
0711210011011
0712621011011
0712618011021
0712620001171
0712627011021
0712625001021
0712610001171
0712616011011
0712620001021
0712580011021
0712580001021
