0000014011021
0000014011071
0710353011171
0710069011171
0710355011171
0712580001021
0818365011011
0710356011171
0818365011021
0710353011021
0710092011011
0710356011011
0710335011011
0000014001171
0710353011011
0710355011021
0000014011031
0710085011171
0000014011011
0000014001011
0710330011171
0712580001171
0710356011021
0710085011011
0712580001011
0000014011051
0710066011171
0710330011011
0818365011171
0710355011011
0000014011171
0710335011171
0000014001021
0710066011011
0710092011171
0710069011011
