0000014001021
0000014001071
0710353001171
0710069001171
0710355001171
0712580011021
0818365001011
0710356001171
0818365001021
0710353001021
0710092001011
0710356001011
0710335001011
0000014011171
0710353001011
0710355001021
0000014001031
0710085001171
0000014001011
0000014011011
0710330001171
0712580011171
0710356001021
0710085001011
0712580011011
0000014001051
0710066001171
0710330001011
0818365001171
0710355001011
0000014001171
0710335001171
0000014011021
0710066001011
0710092001171
0710069001011
